$ 1 0.0005 13.097415321081861 59 7 50 5e-11
v 480 464 544 464 0 0 40 12 0 0 0.5
207 624 464 672 464 4 GLV\p
207 480 464 432 464 4 GLV-
207 -688 496 -688 544 4 Accum-
207 -688 432 -688 384 4 Accum\p
v -688 496 -688 432 0 0 40 600 0 0 0.5
w -688 496 -592 496 0
v -592 496 -592 432 0 0 40 5 0 0 0.5
207 -512 432 -512 384 4 \p5V
407 32 192 128 192 1
207 -16 192 -16 144 4 \p5V
r -16 192 32 192 0 2200
r -288 272 -288 336 0 10000000
r -288 336 -288 400 0 100000
w -16 224 32 224 0
w -112 240 -112 336 0
w -288 336 -224 336 0
w -224 336 -112 336 0
w -112 64 -112 208 0
z -224 400 -224 336 2 default-zener
w -224 400 -288 400 0
409 -112 224 -16 224 1 0.6 -0.3703296142362744 0.0231 0
207 -64 192 -64 160 4 \p5V
w -224 128 -288 128 0
z -224 128 -224 64 2 default-zener
w -288 64 -224 64 0
r -288 64 -288 128 0 110000
r -288 0 -288 64 0 10000000
207 -288 0 -288 -48 4 TS\p
w -224 64 -112 64 0
207 -288 272 -288 224 4 Accum\p
207 208 816 256 816 4 TS-
207 -176 544 -208 544 4 Accum\p
207 -288 128 -288 176 4 TS-
207 -288 400 -288 448 4 TS-
207 768 464 736 464 4 GLV\p
s 768 464 880 464 0 0 false
207 880 464 912 464 4 Shutdown
207 -80 800 -128 800 4 Accum-
178 -80 800 0 800 6 1 0.2 0.5999999999999994 0.05 100000000 0.02 20 0.015 0.005 1
207 -80 832 -112 832 4 Shutdown
207 0 864 0 912 4 GLV-
g -592 496 -592 528 0 0
s 544 464 624 464 0 0 false
s -592 432 -512 432 0 0 false
178 -128 544 -48 544 6 1 0.2 -0.4548832553945725 0.05 100000000 0.02 20 0.015 0.005 1
178 -128 656 -48 656 6 1 0.2 0.6 0.05 100000000 0.02 20 0.015 0.005 1
w -176 544 -128 544 0
w -176 544 -176 656 0
w -176 656 -128 656 0
207 -48 720 -48 752 4 GLV-
207 -128 688 -160 688 4 Shutdown
r -48 672 32 672 0 3300
w -48 560 32 560 0
w 32 560 32 672 0
w 32 560 128 560 0
c 128 560 128 816 0 0.00033 599.9989208168587 0.001
w 128 816 0 816 0
207 208 560 256 560 4 TS\p
207 128 192 160 192 4 Shutdown
w 128 224 176 224 0
f 240 224 288 224 32 1.5 0.02
207 288 304 288 352 4 GLV-
207 288 208 320 208 4 Precharge\scomplete
r 240 224 176 224 0 1000
r 240 224 240 304 0 10000
w 288 304 240 304 0
w 288 304 288 240 0
d -48 720 -128 720 2 default
w -128 720 -128 688 0
w -48 720 -48 688 0
207 -208 576 -256 576 4 Precharge\scomplete
w -208 576 -128 576 0
w -128 576 -128 608 0
d -128 608 -48 608 2 default
w -48 608 -48 576 0
207 -48 576 -16 576 4 Shutdown
r 208 816 208 560 0 56000
w 208 560 128 560 0
w 208 816 128 816 0
d 0 864 -80 864 2 default
w -80 864 -80 832 0
w 0 832 0 864 0
207 -64 256 -64 304 4 Accum-
o 56 64 0 4099 640 102.4 0 2 56 3
38 5 F1 0 0 600 -1 TS\sVoltage
